11 11 11 11 11 11 11 11 11 11 11 11 11 11 11 11 11 11 11 11 11 11 11 11 11 11 11 11 11 11 11 11 11 11 11 11 11 11 11 11 11 11 11 11 11 11 11 11 11 11 11 11 11 11 11 11 11 11 11 11 11 11 11 11 11 11 11 11 11 11 11 11 11 11 11 11 11 11 11 11 11 11 11 11 11 11 11 11 11 11 11 11 11 11 11 11 11 11 11 11
11 11 11 11 11 11 11 11 11 11 11 11 11 11 11 11 11 11 11 11 11 11 11 11 11 11 11 11 11 11 11 11 11 11 11 11 11 11 11 11 11 11 11 11 11 11 11 11 11 11 11 11 11 11 11 11 11 11 11 11 11 11 11 11 11 11 11 11 11 11 11 11 11 11 11 11 11 11 11 11 11 11 11 11 11 11 11 11 11 11 11 11 11 11 11 11 11 11 11 11
11 11 11 11 11 11 11 11 11 11 11 11 11 11 11 11 11 11 11 11 11 11 11 11 11 11 11 11 11 11 11 11 11 11 11 11 11 11 11 11 11 11 11 11 11 11 11 11 11 11 11 11 11 11 11 11 11 11 11 11 11 11 11 11 11 11 11 11 11 11 11 11 11 11 11 11 11 11 11 11 11 11 11 11 11 11 11 11 11 11 11 11 11 11 11 11 11 11 11 11
11 11 11 11 11 11 11 11 11 11 11 11 11 11 11 11 11 11 11 11 11 11 11 11 11 11 11 11 11 11 11 11 11 11 11 11 11 11 11 11 11 11 11 11 11 11 11 11 11 11 11 11 11 11 11 11 11 11 11 11 11 11 11 11 11 11 11 11 11 11 11 11 11 11 11 11 11 11 11 11 11 11 11 11 11 11 11 11 11 11 11 11 11 11 11 11 11 11 11 11
11 11 11 11 11 11 11 11 11 11 11 11 11 11 11 11 11 11 11 11 11 11 11 11 11 11 11 11 11 11 11 11 11 11 11 11 11 11 11 11 11 11 11 11 11 11 11 11 11 11 11 11 11 11 11 11 11 11 11 11 11 11 11 11 11 11 11 11 11 11 11 11 11 11 11 11 11 11 11 11 11 11 11 11 11 11 11 11 11 11 11 11 11 11 11 11 11 11 11 11
11 11 11 11 11 11 11 11 11 11 11 11 11 11 11 11 11 11 11 11 11 11 11 11 11 11 11 11 11 11 11 11 11 11 11 11 11 11 11 11 11 11 11 11 11 11 11 11 11 11 11 11 11 11 11 11 11 11 11 11 11 11 11 11 11 11 11 11 11 11 11 11 11 11 11 11 11 11 11 11 11 11 11 11 11 11 11 11 11 11 11 11 11 11 11 11 11 11 11 11
11 11 11 11 11 11 11 11 11 11 11 11 11 11 11 11 11 11 11 11 11 11 11 11 11 11 11 11 11 11 11 11 11 11 11 11 11 11 11 11 11 11 11 11 11 11 11 11 11 11 11 11 11 11 11 11 11 11 11 11 11 11 11 11 11 11 11 11 11 11 11 11 11 11 11 11 11 11 11 11 11 11 11 11 11 11 11 11 11 11 11 11 11 11 11 11 11 11 11 11
11 11 11 11 11 11 11 11 11 11 11 11 11 11 11 11 11 11 11 11 11 11 11 11 11 11 11 11 11 11 11 11 11 11 11 11 11 11 11 11 11 11 11 11 11 11 11 11 11 11 11 11 11 11 11 11 11 11 11 11 11 11 11 11 11 11 11 11 11 11 11 11 11 11 11 11 11 11 11 11 11 11 11 11 11 11 11 11 11 11 11 11 11 11 11 11 11 11 11 11
11 11 11 11 11 11 11 11 11 11 56 51 51 51 51 51 51 51 51 51 51 51 51 51 51 51 50 11 11 11 11 56 51 51 51 51 51 51 51 51 51 51 51 51 51 51 51 50 11 11 11 11 56 51 51 51 51 51 51 51 51 51 51 51 51 51 51 51 50 11 11 11 11 56 51 51 51 51 51 51 51 51 51 51 51 51 51 51 51 50 11 11 11 11 11 11 11 11 11 11
11 11 11 11 11 11 11 11 11 11 53 19 22 14 22 22 22 12 22 22 22 22 22 22 22 17 49 11 11 11 11 53 22 15 22 22 22 22 22 22 22 22 22 12 22 22 17 49 11 11 11 11 53 22 22 21 22 22 22 22 22 22 22 22 12 22 22 22 49 11 11 11 11 53 22 22 22 22 22 22 22 17 22 22 22 22 22 22 15 49 11 11 11 11 11 11 11 11 11 11
11 11 11 11 11 11 11 11 11 11 53 22 39 41 41 41 41 41 41 41 41 41 41 41 40 22 49 11 11 11 11 53 12 39 41 41 41 41 41 41 41 41 41 41 41 40 22 49 11 11 11 11 53 22 39 41 41 41 41 41 41 41 41 41 41 41 40 22 49 11 11 11 11 53 23 39 41 41 41 41 41 41 41 41 41 41 41 40 22 49 11 11 11 11 11 11 11 11 11 11
11 11 11 11 11 11 11 11 11 11 54 12 43 33 33 33 33 33 33 33 33 33 33 33 38 22 49 11 11 11 11 54 22 43 33 33 33 33 33 60 33 33 33 33 33 38 22 49 11 11 11 11 54 13 43 16 33 33 33 33 33 33 33 33 33 16 38 22 49 11 11 11 11 54 22 43 33 33 33 33 33 33 33 33 33 33 33 38 22 49 11 11 11 11 11 11 11 11 11 11
11 11 11 11 11 11 11 11 11 11 53 22 43 33 33 33 33 33 33 33 33 33 33 33 38 22 47 46 46 46 46 45 18 43 33 33 33 33 33 33 33 33 33 33 33 38 14 47 46 46 46 46 45 22 43 41 17 41 33 41 33 41 33 41 17 41 38 19 47 46 46 46 46 45 14 43 33 33 33 33 33 33 33 33 33 33 33 38 22 49 11 11 11 11 11 11 11 11 11 11
11 11 11 11 11 11 11 11 11 11 54 22 43 33 33 33 33 33 33 33 33 33 33 33 38 13 22 22 22 22 12 22 22 43 33 62 60 33 60 60 60 33 60 62 33 38 22 22 12 22 22 22 22 22 43 16 33 33 16 33 16 33 16 33 33 16 38 22 22 12 22 22 22 22 22 43 33 33 33 33 33 33 33 33 33 33 33 38 12 49 11 11 11 11 11 11 11 11 11 11
11 11 11 11 11 11 11 11 11 11 53 22 43 33 33 33 33 33 33 33 33 33 33 33 31 41 41 41 41 41 41 41 41 30 33 60 60 33 61 33 61 33 60 60 33 31 41 41 41 41 41 41 41 41 30 33 41 33 41 33 41 33 41 33 41 33 31 41 41 41 41 41 41 41 41 30 33 33 33 33 33 33 33 33 33 33 33 38 22 49 11 11 11 11 11 11 11 11 11 11
11 11 11 11 11 11 11 11 11 11 54 22 43 33 33 33 33 33 33 33 33 33 33 33 63 33 33 33 33 33 33 33 33 64 33 33 33 33 33 61 33 33 33 33 33 33 33 33 33 33 33 33 33 33 33 33 33 33 33 33 33 33 33 33 33 33 33 33 33 33 33 33 33 33 33 33 33 33 33 33 33 33 33 33 33 33 33 38 22 49 11 11 11 11 11 11 11 11 11 11
11 11 11 11 11 11 11 11 11 11 53 22 43 33 33 33 33 33 33 33 33 33 33 33 63 33 33 33 33 33 33 33 33 64 33 33 33 33 33 33 33 33 33 33 33 33 33 33 33 33 33 33 33 33 33 41 33 41 41 33 33 33 41 41 33 41 33 33 33 33 33 33 33 33 33 33 33 33 33 33 33 33 33 33 33 33 33 38 22 49 11 11 11 11 11 11 11 11 11 11
11 11 11 11 11 11 11 11 11 11 54 15 43 33 33 33 33 33 33 33 33 33 33 33 63 33 33 33 33 33 33 33 33 64 33 33 33 33 61 61 61 33 33 33 33 33 33 33 33 33 33 33 33 33 33 33 33 33 33 33 33 33 33 33 33 33 33 33 33 33 33 33 33 33 33 33 33 33 33 33 33 33 33 33 33 33 33 38 19 49 11 11 11 11 11 11 11 11 11 11
11 11 11 11 11 11 11 11 11 11 53 22 43 33 33 33 33 33 33 33 33 33 33 33 35 37 37 37 37 37 37 37 37 36 33 60 60 33 33 60 33 33 60 60 33 35 37 37 37 37 37 37 37 37 36 41 33 41 33 41 33 41 33 41 33 41 35 37 37 37 37 37 37 37 37 36 33 33 33 33 33 33 33 33 33 33 33 38 22 49 11 11 11 11 11 11 11 11 11 11
11 11 11 11 11 11 11 11 11 11 54 12 43 33 33 33 33 33 33 33 33 33 33 33 38 22 22 22 22 22 22 22 22 43 33 33 60 33 60 60 60 33 60 33 33 38 22 22 22 22 22 22 22 22 43 33 33 33 17 17 17 17 17 33 33 33 38 22 22 22 22 22 22 22 18 43 33 33 33 33 33 33 33 33 33 33 33 38 22 49 11 11 11 11 11 11 11 11 11 11
11 11 11 11 11 11 11 11 11 11 53 22 43 33 33 33 33 33 33 33 33 33 33 33 38 21 27 42 42 42 42 26 22 43 33 62 33 62 33 33 33 62 33 62 33 38 12 27 42 42 42 42 26 14 43 33 33 33 33 33 33 33 33 33 33 33 38 17 27 42 42 42 42 26 22 43 33 33 33 33 33 33 33 33 33 33 33 38 22 49 11 11 11 11 11 11 11 11 11 11
11 11 11 11 11 11 11 11 11 11 54 18 34 37 37 37 36 64 64 64 35 37 37 37 32 22 49 11 11 11 11 54 22 34 37 37 37 36 33 33 33 35 37 37 37 32 22 49 11 11 11 11 54 22 34 37 37 37 37 37 37 37 37 37 37 37 32 22 49 11 11 11 11 54 13 34 37 37 37 37 37 37 37 37 37 37 37 32 15 49 11 11 11 11 11 11 11 11 11 11
11 11 11 11 11 11 11 11 11 11 53 22 22 22 22 22 43 33 33 33 38 22 22 22 22 22 49 11 11 11 11 54 22 22 22 22 22 43 33 33 33 38 13 22 22 22 22 49 11 11 11 11 54 22 22 22 22 12 22 22 22 22 22 22 12 22 22 22 49 11 11 11 11 54 22 22 22 12 22 22 22 22 22 22 22 22 22 22 22 49 11 11 11 11 11 11 11 11 11 11
11 11 11 11 11 11 11 11 11 11 52 42 42 42 29 22 43 33 33 33 38 22 28 42 42 42 48 11 11 11 11 52 42 42 42 29 22 43 33 33 33 38 22 28 42 42 42 48 11 11 11 11 52 42 42 42 42 42 42 42 42 42 42 42 42 42 42 42 48 11 11 11 11 52 42 42 42 42 42 42 42 42 42 42 42 42 42 42 42 48 11 11 11 11 11 11 11 11 11 11
11 11 11 11 11 11 11 11 11 11 11 11 11 11 54 22 43 33 33 33 38 22 49 11 11 11 11 11 11 11 11 11 11 11 11 54 20 43 33 33 33 38 22 49 11 11 11 11 11 11 11 11 11 11 11 11 11 11 11 11 11 11 11 11 11 11 11 11 11 11 11 11 11 11 11 11 11 11 11 11 11 11 11 11 11 11 11 11 11 11 11 11 11 11 11 11 11 11 11 11
11 11 11 11 11 11 11 11 11 11 11 11 11 11 53 22 43 33 33 33 38 16 49 11 11 11 11 11 11 11 11 11 11 11 11 53 22 43 33 33 33 38 22 49 11 11 11 11 11 11 11 11 11 11 11 11 11 11 11 11 11 11 11 11 11 11 11 11 11 11 11 11 11 11 11 11 11 11 11 11 11 11 11 11 11 11 11 11 11 11 11 11 11 11 11 11 11 11 11 11
11 11 11 11 11 11 11 11 11 11 11 11 11 11 54 12 43 33 33 33 38 22 49 11 11 11 11 11 11 11 11 11 11 11 11 54 22 43 33 33 33 38 22 49 11 11 11 11 11 11 11 11 11 11 11 11 11 11 11 11 11 11 11 11 11 11 11 11 11 11 11 11 11 11 11 11 11 11 11 11 11 11 11 11 11 11 11 11 11 11 11 11 11 11 11 11 11 11 11 11
11 11 11 11 11 11 11 11 11 11 11 11 11 11 54 22 43 33 33 33 38 22 49 11 11 11 11 11 11 11 11 11 11 11 11 53 22 43 33 33 33 38 22 25 51 51 51 51 51 51 51 51 51 51 50 11 11 11 11 11 11 11 11 11 11 11 11 11 11 11 11 11 11 11 11 11 11 11 11 11 11 11 11 11 11 11 11 11 11 11 11 11 11 11 11 11 11 11 11 11
11 11 11 11 11 11 11 11 11 11 11 11 11 11 53 22 43 33 33 33 38 22 49 11 11 11 11 11 11 11 11 11 11 11 11 54 22 43 33 33 33 38 16 22 22 22 22 22 22 22 22 22 22 22 49 11 11 11 11 11 11 11 11 11 11 11 11 11 11 11 11 11 11 11 11 11 11 11 11 11 11 11 11 11 11 11 11 11 11 11 11 11 11 11 11 11 11 11 11 11
11 11 11 11 11 11 11 11 11 11 11 11 11 11 54 22 43 33 33 33 38 12 49 11 11 11 11 11 11 11 11 11 11 11 11 53 22 43 33 33 33 31 41 41 41 41 41 41 41 41 41 41 40 22 49 11 11 11 11 11 11 11 11 11 11 11 11 11 11 11 11 11 11 11 11 11 11 11 11 11 11 11 11 11 11 11 11 11 11 11 11 11 11 11 11 11 11 11 11 11
11 11 11 11 11 11 11 11 11 11 11 11 11 11 53 22 43 33 33 33 38 22 49 11 11 11 11 11 11 11 11 11 11 11 11 54 22 43 33 33 33 33 33 33 33 33 33 33 33 33 33 33 38 18 49 11 11 11 11 11 11 11 11 11 11 11 11 11 11 11 11 11 11 11 11 11 11 11 11 11 11 11 11 11 11 11 11 11 11 11 11 11 11 11 11 11 11 11 11 11
11 11 11 11 11 11 11 11 11 11 11 11 11 11 54 16 43 33 33 33 38 22 49 11 11 11 11 11 11 11 11 11 11 11 11 53 22 43 33 33 33 33 33 33 33 33 33 33 33 33 33 33 38 22 49 11 11 11 11 11 11 11 11 11 11 11 11 11 11 11 11 11 11 11 11 11 11 11 11 11 11 11 11 11 11 11 11 11 11 11 11 11 11 11 11 11 11 11 11 11
11 11 11 11 11 11 11 11 11 11 11 11 11 11 53 22 43 33 33 33 38 14 49 11 11 11 11 11 11 11 11 11 11 11 11 54 20 43 33 33 33 33 33 33 33 33 33 33 33 33 33 33 38 22 49 11 11 11 11 11 11 11 11 11 11 11 11 11 11 11 11 11 11 11 11 11 11 11 11 11 11 11 11 11 11 11 11 11 11 11 11 11 11 11 11 11 11 11 11 11
11 11 11 11 11 11 11 11 11 11 11 11 11 11 54 22 43 33 33 33 38 22 49 11 11 11 11 11 11 11 11 11 11 11 11 53 22 34 37 37 37 37 37 37 37 37 37 37 36 33 33 33 38 22 49 11 11 11 11 11 11 11 11 11 11 11 11 11 11 11 11 11 11 11 11 11 11 11 11 11 11 11 11 11 11 11 11 11 11 11 11 11 11 11 11 11 11 11 11 11
11 11 11 11 11 11 11 11 11 11 11 11 11 11 53 12 43 33 33 33 38 22 49 11 11 11 11 11 11 11 11 11 11 11 11 54 22 22 22 22 22 22 22 22 22 22 22 13 43 33 33 33 38 22 49 11 11 11 11 11 11 11 11 11 11 11 11 11 11 11 11 11 11 11 11 11 11 11 11 11 11 11 11 11 11 11 11 11 11 11 11 11 11 11 11 11 11 11 11 11
11 11 11 11 11 11 11 11 11 11 11 11 11 11 54 22 43 33 33 33 38 22 49 11 11 11 11 11 11 11 11 11 11 11 11 52 42 42 42 42 42 42 42 42 42 42 26 22 43 33 33 33 38 16 49 11 11 11 11 11 11 11 11 11 11 11 11 11 11 11 11 11 11 11 11 11 11 11 11 11 11 11 11 11 11 11 11 11 11 11 11 11 11 11 11 11 11 11 11 11
11 11 11 11 11 11 11 11 11 11 11 11 11 11 53 22 43 33 33 33 38 12 49 11 11 11 11 11 11 11 11 11 11 11 11 11 11 11 11 11 11 11 11 11 11 11 54 22 43 33 33 33 38 22 49 11 11 11 11 11 11 11 11 11 11 11 11 11 11 11 11 11 11 11 11 11 11 11 11 11 11 11 11 11 11 11 11 11 11 11 11 11 11 11 11 11 11 11 11 11
11 11 11 11 11 11 11 11 11 11 11 11 11 11 54 22 43 33 33 33 38 22 49 11 11 11 11 11 11 11 11 11 11 11 11 11 11 11 11 11 11 11 11 11 11 11 53 22 43 33 33 33 38 22 49 11 11 11 11 11 11 11 11 11 11 11 11 11 11 11 11 11 11 11 11 11 11 11 11 11 11 11 11 11 11 11 11 11 11 11 11 11 11 11 11 11 11 11 11 11
11 11 11 11 11 11 11 11 11 11 11 11 11 11 53 17 43 33 33 33 38 22 49 11 11 11 11 11 11 11 11 11 11 11 11 11 11 11 11 11 11 11 11 11 11 11 54 22 43 33 33 33 38 22 49 11 11 11 11 11 11 11 11 11 11 11 11 11 11 11 11 11 11 11 11 11 11 11 11 11 11 11 11 11 11 11 11 11 11 11 11 11 11 11 11 11 11 11 11 11
11 11 11 11 11 11 11 11 56 51 51 51 51 51 24 22 43 33 33 33 38 19 25 51 51 51 50 11 11 11 11 11 11 11 11 11 11 11 56 51 51 51 51 51 51 51 24 20 43 33 33 33 38 14 25 51 51 51 51 51 51 50 11 11 11 11 11 11 11 11 11 11 11 56 51 51 51 51 51 51 51 51 51 51 51 51 51 51 51 51 51 50 11 11 11 11 11 11 11 11
11 11 11 11 11 11 11 11 53 21 22 22 12 22 22 22 43 33 33 33 38 22 22 22 22 22 49 11 11 11 11 11 11 11 11 11 11 11 53 22 22 22 12 22 22 22 22 22 43 33 33 33 38 22 22 22 22 22 15 22 22 49 11 11 11 11 11 11 11 11 11 11 11 53 22 18 22 22 12 22 22 22 22 22 22 22 22 22 22 22 17 49 11 11 11 11 11 11 11 11
11 11 11 11 11 11 11 11 53 22 39 41 41 41 41 41 30 33 33 33 31 41 41 41 40 17 49 11 11 11 11 11 11 11 11 11 11 11 54 23 39 41 41 41 41 41 41 41 30 33 33 33 31 41 41 41 41 41 41 40 22 49 11 11 11 11 11 11 11 11 11 11 11 53 23 39 41 41 41 41 41 41 41 41 41 41 41 41 41 40 22 49 11 11 11 11 11 11 11 11
11 11 11 11 11 11 11 11 54 22 43 33 33 33 33 33 33 33 33 33 33 33 33 33 38 22 49 11 11 11 11 11 11 11 11 11 11 11 54 22 43 33 33 33 33 33 33 33 33 33 33 33 41 33 33 16 16 16 16 38 12 49 11 11 11 11 11 11 11 11 11 11 11 53 22 43 33 33 33 33 33 33 33 33 33 33 33 33 33 38 22 49 11 11 11 11 11 11 11 11
11 11 11 11 11 11 11 11 53 14 43 33 33 33 33 33 33 33 33 33 33 33 33 33 38 22 49 11 11 11 11 11 11 11 11 11 11 11 53 22 43 33 41 41 41 41 41 41 41 41 41 41 41 33 33 16 16 16 16 38 22 49 11 11 11 11 11 11 11 11 11 11 11 53 22 43 33 33 33 33 33 33 33 33 33 33 33 33 33 38 22 49 11 11 11 11 11 11 11 11
11 11 11 11 11 11 11 11 54 22 43 33 33 33 33 33 33 33 33 33 33 33 33 33 38 22 49 11 11 11 11 11 11 11 11 11 11 11 54 22 43 33 41 33 33 33 41 33 33 17 33 17 33 33 33 16 16 16 16 38 18 49 11 11 11 11 11 11 11 11 11 11 11 54 22 43 33 33 33 33 33 33 33 33 33 33 33 33 33 38 22 49 11 11 11 11 11 11 11 11
11 11 11 11 11 11 11 11 54 22 43 33 33 33 33 33 33 33 33 33 33 33 33 33 38 22 47 46 46 46 46 46 46 46 46 46 46 46 45 22 43 33 41 33 17 17 41 17 33 33 17 33 41 33 33 16 16 16 16 38 22 47 46 46 46 46 46 46 46 46 46 46 46 45 22 43 33 33 33 33 33 33 33 33 33 33 33 33 33 38 13 49 11 11 11 11 11 11 11 11
11 11 11 11 11 11 11 11 54 22 43 33 33 33 33 33 33 33 33 33 33 33 33 33 38 13 22 22 12 22 22 22 22 22 22 22 22 20 22 22 43 33 41 33 17 33 33 33 33 33 17 33 41 41 41 41 41 41 41 38 22 22 22 22 22 22 22 22 22 22 16 22 22 22 22 43 33 33 33 33 33 33 33 33 33 33 33 33 33 38 22 49 11 11 11 11 11 11 11 11
11 11 11 11 11 11 11 11 53 22 43 33 33 33 33 33 33 33 33 33 33 33 33 33 31 41 41 41 41 41 41 41 41 41 41 41 41 41 41 41 30 33 41 33 17 17 41 17 33 17 33 17 41 33 33 33 33 33 33 31 41 41 41 41 41 41 41 41 41 41 41 41 41 41 41 30 33 33 33 33 33 33 33 33 33 33 33 33 33 38 22 49 11 11 11 11 11 11 11 11
11 11 11 11 11 11 11 11 54 20 43 33 33 33 33 33 33 33 33 33 33 33 33 33 33 33 33 33 33 33 33 33 33 33 33 33 33 33 33 33 33 33 41 33 33 33 41 33 33 33 33 33 41 33 33 33 33 33 33 33 33 33 33 33 33 33 33 33 33 33 33 33 33 33 33 33 33 33 33 33 33 33 33 33 33 33 33 33 33 38 22 49 11 11 11 11 11 11 11 11
11 11 11 11 11 11 11 11 53 22 43 33 33 33 33 33 33 33 33 33 33 33 33 33 33 33 33 33 33 33 33 33 33 33 33 33 33 33 33 33 33 33 41 33 33 41 41 41 41 41 41 41 41 33 41 41 33 33 33 33 33 33 33 33 33 33 33 33 33 33 33 33 33 33 33 33 33 33 33 33 33 33 33 33 33 33 33 33 33 38 22 49 11 11 11 11 11 11 11 11
11 11 11 11 11 11 11 11 54 22 43 33 33 33 33 33 33 33 33 33 33 33 33 33 33 33 33 33 33 33 33 33 33 33 33 33 33 33 33 33 33 33 41 33 33 33 33 41 33 33 33 33 33 33 33 41 33 33 33 33 33 33 33 33 33 33 33 33 33 33 33 33 33 33 33 33 33 33 33 33 33 33 33 33 33 33 33 33 33 38 22 49 11 11 11 11 11 11 11 11
11 11 11 11 11 11 11 11 53 12 43 33 33 33 33 33 33 33 33 33 33 33 33 33 35 37 37 37 37 37 37 37 37 37 37 37 37 37 37 37 36 33 41 33 33 33 33 33 33 33 33 17 33 33 33 41 33 33 33 35 37 37 37 37 37 37 37 37 37 37 37 37 37 37 37 36 33 33 33 33 33 33 33 33 33 33 33 33 33 38 22 49 11 11 11 11 11 11 11 11
11 11 11 11 11 11 11 11 54 22 43 33 33 33 33 33 33 33 33 33 33 33 33 33 38 12 22 22 22 22 22 22 22 22 22 22 22 22 22 22 43 33 41 33 33 33 33 41 17 17 33 33 33 33 33 41 33 33 33 38 22 22 22 22 22 22 22 22 12 22 22 22 22 22 22 43 33 33 33 33 33 33 33 33 33 33 33 33 33 38 22 49 11 11 11 11 11 11 11 11
11 11 11 11 11 11 11 11 53 22 43 33 33 33 33 33 33 33 33 33 33 33 33 33 38 22 27 42 42 42 42 42 42 42 42 42 42 42 26 12 43 33 41 41 41 33 33 41 33 33 33 33 33 33 33 41 33 33 33 38 13 27 42 42 42 42 42 42 42 42 42 42 42 26 22 43 33 33 33 33 33 33 33 33 33 33 33 33 33 38 22 49 11 11 11 11 11 11 11 11
11 11 11 11 11 11 11 11 54 22 43 33 33 33 33 33 33 33 33 33 33 33 33 33 38 22 49 11 11 11 11 11 11 11 11 11 11 11 54 22 43 33 33 33 41 41 41 41 41 41 41 41 41 41 41 33 33 33 33 38 22 49 11 11 11 11 11 11 11 11 11 11 11 53 18 43 33 33 33 33 33 33 33 33 33 33 33 33 33 38 22 49 11 11 11 11 11 11 11 11
11 11 11 11 11 11 11 11 53 22 43 33 33 33 33 33 33 33 33 33 33 33 33 33 38 20 49 11 11 11 11 11 11 11 11 11 11 11 54 22 43 33 33 33 33 33 33 33 33 33 33 33 33 33 33 33 33 33 33 38 22 49 11 11 11 11 11 11 11 11 11 11 11 54 22 43 33 33 33 33 33 33 33 33 33 33 33 33 33 38 22 49 11 11 11 11 11 11 11 11
11 11 11 11 11 11 11 11 54 17 34 37 37 37 37 37 37 37 37 37 37 37 37 37 32 22 49 11 11 11 11 11 11 11 11 11 11 11 54 17 34 37 37 37 37 37 37 36 33 33 33 35 37 37 37 37 37 37 37 32 21 49 11 11 11 11 11 11 11 11 11 11 11 53 22 34 37 37 37 37 36 33 33 33 35 37 37 37 37 32 12 49 11 11 11 11 11 11 11 11
11 11 11 11 11 11 11 11 53 22 22 22 22 22 22 22 22 22 22 22 22 22 22 22 22 22 49 11 11 11 11 11 11 11 11 11 11 11 54 22 22 22 22 22 22 22 22 43 33 33 33 38 22 22 22 22 22 22 22 22 22 49 11 11 11 11 11 11 11 11 11 11 11 54 22 22 22 22 22 18 43 33 33 33 38 22 22 22 22 22 22 49 11 11 11 11 11 11 11 11
11 11 11 11 11 11 11 11 52 42 42 42 42 42 42 42 42 42 42 42 42 42 42 42 42 42 48 11 11 11 11 11 11 11 11 11 11 11 52 42 42 42 42 42 42 26 12 43 33 33 33 38 22 28 42 42 42 42 42 42 42 48 11 11 11 11 11 11 11 11 11 11 11 52 42 42 42 42 26 22 43 33 33 33 38 13 28 42 42 42 42 48 11 11 11 11 11 11 11 11
11 11 11 11 11 11 11 11 11 11 11 11 11 11 11 11 11 11 11 11 11 11 11 11 11 11 11 11 11 11 11 11 11 11 11 11 11 11 11 11 11 11 11 11 11 54 22 43 33 33 33 38 14 49 11 11 11 11 11 11 11 11 11 11 11 11 11 11 11 11 11 11 11 11 11 11 11 11 53 22 43 33 33 33 38 22 49 11 11 11 11 11 11 11 11 11 11 11 11 11
11 11 11 11 11 11 11 11 11 11 11 11 11 11 11 11 11 11 11 11 11 11 11 11 11 11 11 11 11 11 11 11 11 11 11 11 11 11 11 11 11 11 11 11 11 53 22 43 33 33 33 38 22 49 11 11 11 11 11 11 11 11 11 11 11 11 11 11 11 11 11 11 11 11 11 11 11 11 54 22 43 33 33 33 38 22 49 11 11 11 11 11 11 11 11 11 11 11 11 11
11 11 11 11 11 11 11 11 11 11 11 11 11 11 11 11 11 11 11 11 11 11 11 11 11 11 11 11 11 11 11 11 11 11 11 11 11 11 11 11 11 11 11 11 11 54 22 43 33 33 33 38 22 49 11 11 11 11 11 11 11 11 11 11 11 11 11 11 11 11 11 11 11 11 11 11 11 11 53 22 43 33 33 33 38 22 49 11 11 11 11 11 11 11 11 11 11 11 11 11
11 11 11 11 11 11 11 11 11 11 11 11 11 11 11 11 11 11 11 11 11 11 11 11 11 11 11 11 11 11 11 11 11 11 11 11 11 11 11 11 11 11 11 11 11 54 22 43 33 33 33 38 22 49 11 11 11 11 11 11 11 11 11 11 11 11 11 11 11 11 11 11 11 11 11 11 11 11 54 15 43 33 33 33 38 22 49 11 11 11 11 11 11 11 11 11 11 11 11 11
11 11 11 11 11 11 11 11 11 11 11 11 11 11 11 11 11 11 11 11 11 11 11 11 11 11 11 11 11 11 11 11 11 11 11 11 11 11 11 11 11 11 11 11 11 53 22 43 33 33 33 38 12 49 11 11 11 11 11 11 11 11 11 11 11 11 11 11 11 11 11 11 11 11 11 11 11 11 53 22 43 33 33 33 38 20 49 11 11 11 11 11 11 11 11 11 11 11 11 11
11 11 11 11 11 11 11 11 11 11 11 11 11 11 11 11 11 11 11 11 11 11 11 11 11 11 11 11 11 11 11 11 11 11 11 11 11 11 11 11 11 11 11 11 11 54 20 43 33 33 33 38 22 49 11 11 11 11 11 11 11 11 11 11 11 11 11 11 11 11 11 11 11 11 11 11 11 11 54 22 43 33 33 33 38 22 49 11 11 11 11 11 11 11 11 11 11 11 11 11
11 11 11 11 11 11 11 11 11 11 11 11 11 11 11 11 11 11 11 11 11 11 11 11 11 11 11 11 11 11 11 11 11 11 11 11 11 11 11 11 11 11 11 11 11 53 22 43 33 33 33 38 22 49 11 11 11 11 11 11 11 11 11 11 11 11 11 11 11 11 11 11 11 11 11 11 11 11 53 22 43 33 33 33 38 22 49 11 11 11 11 11 11 11 11 11 11 11 11 11
11 11 11 11 11 11 11 11 11 11 11 11 11 11 11 11 11 11 11 11 11 11 11 11 11 11 11 11 11 11 11 11 11 11 11 11 11 11 11 11 11 11 11 11 11 54 22 43 33 33 33 38 22 49 11 11 11 11 11 11 11 11 11 11 11 11 11 11 11 11 11 11 11 11 11 11 11 11 54 22 43 33 33 33 38 22 49 11 11 11 11 11 11 11 11 11 11 11 11 11
11 11 11 11 11 11 11 11 11 11 11 11 11 11 11 11 11 11 11 11 11 11 11 11 11 11 11 11 11 11 11 11 11 11 11 11 11 11 11 11 11 11 11 11 11 53 22 43 33 33 33 38 22 49 11 11 11 11 11 11 11 11 11 11 11 11 11 11 11 11 11 11 11 11 11 11 11 11 53 22 43 33 33 33 38 12 49 11 11 11 11 11 11 11 11 11 11 11 11 11
11 11 11 11 11 11 11 11 11 11 11 11 11 11 11 11 11 11 11 11 11 11 11 11 11 11 11 11 11 11 11 11 11 11 11 11 11 11 11 11 11 11 11 11 11 54 22 43 33 33 33 38 22 49 11 11 11 11 11 11 11 11 11 11 11 11 11 11 11 11 11 11 11 11 11 11 11 11 54 22 43 33 33 33 38 22 49 11 11 11 11 11 11 11 11 11 11 11 11 11
11 11 11 11 11 11 11 11 11 11 11 11 11 11 11 11 11 11 11 11 11 11 11 11 11 11 11 11 11 11 11 11 11 11 11 11 11 11 11 11 11 11 11 11 11 53 12 43 33 33 33 38 22 49 11 11 11 11 11 11 11 11 11 11 11 11 11 11 11 11 11 11 11 11 11 11 11 11 53 13 43 33 33 33 38 22 49 11 11 11 11 11 11 11 11 11 11 11 11 11
11 11 11 11 11 11 11 11 11 11 11 11 11 11 11 11 11 11 11 11 11 11 11 11 11 11 11 11 11 11 11 11 11 11 11 11 11 11 11 11 11 11 11 11 11 54 22 43 33 33 33 38 22 49 11 11 11 11 11 11 11 11 11 11 11 11 11 11 11 11 11 11 11 11 11 11 11 11 54 22 43 33 33 33 38 22 49 11 11 11 11 11 11 11 11 11 11 11 11 11
11 11 11 11 11 11 11 11 11 11 11 11 11 11 11 11 11 11 11 11 11 11 11 11 11 11 11 11 11 11 11 11 11 11 11 11 11 11 11 11 11 11 11 11 11 53 22 43 33 33 33 38 22 49 11 11 11 11 11 11 11 11 11 11 11 11 11 11 11 11 11 11 11 11 11 11 11 11 53 22 43 33 33 33 38 22 49 11 11 11 11 11 11 11 11 11 11 11 11 11
11 11 11 11 11 11 11 11 11 11 11 11 11 11 11 11 11 11 11 11 11 11 11 11 11 11 11 11 11 11 11 11 11 11 11 11 11 11 11 11 11 11 11 11 11 54 22 43 33 33 33 38 22 49 11 11 11 11 11 11 11 11 11 11 11 11 11 11 11 11 11 11 11 11 11 11 11 11 54 22 43 33 33 33 38 22 49 11 11 11 11 11 11 11 11 11 11 11 11 11
11 11 11 11 11 11 11 11 11 11 11 11 11 11 11 11 11 11 11 11 11 11 11 11 11 11 11 11 11 11 11 11 11 11 11 11 11 11 11 11 11 11 11 11 11 53 22 43 33 33 33 38 22 49 11 11 11 11 11 11 11 11 11 11 11 11 11 11 11 11 11 11 11 11 11 11 11 11 53 22 43 33 33 33 38 22 49 11 11 11 11 11 11 11 11 11 11 11 11 11
11 11 11 11 11 11 11 11 56 51 51 51 51 51 51 51 51 51 51 51 51 51 51 51 51 50 11 11 11 11 11 11 11 11 11 11 11 11 11 11 11 56 51 51 51 24 12 43 33 33 33 38 23 25 51 51 51 51 50 11 11 11 11 11 11 11 11 11 11 11 11 11 11 11 56 51 51 51 24 16 43 33 33 33 38 22 25 51 51 51 51 50 11 11 11 11 11 11 11 11
11 11 11 11 11 11 11 11 53 12 22 22 15 22 22 22 22 22 22 13 12 22 22 22 22 49 11 11 11 11 11 11 11 11 11 11 11 11 11 11 11 53 22 22 22 22 22 43 33 33 33 38 22 22 22 12 22 22 49 11 11 11 11 11 11 11 11 11 11 11 11 11 11 11 53 22 22 22 22 22 43 33 33 33 38 12 22 22 22 22 22 49 11 11 11 11 11 11 11 11
11 11 11 11 11 11 11 11 53 22 39 41 41 41 41 41 41 41 41 41 41 41 41 40 17 49 11 11 11 11 11 11 11 11 11 11 11 11 11 11 11 54 22 39 41 41 41 30 33 33 33 31 41 41 41 41 40 22 49 11 11 11 11 11 11 11 11 11 11 11 11 11 11 11 54 23 39 41 41 41 30 33 33 33 31 41 41 41 41 40 14 49 11 11 11 11 11 11 11 11
11 11 11 11 11 11 11 11 54 22 43 33 33 33 33 33 33 33 33 33 33 33 33 38 22 49 11 11 11 11 11 11 11 11 11 11 11 11 11 11 11 54 22 43 33 33 33 33 33 33 33 33 33 33 33 33 38 22 49 11 11 11 11 11 11 11 11 11 11 11 11 11 11 11 54 22 43 33 33 33 33 33 33 33 33 33 33 33 33 38 22 49 11 11 11 11 11 11 11 11
11 11 11 11 11 11 11 11 53 19 43 33 33 33 33 33 33 33 33 33 33 33 33 38 22 49 11 11 11 11 11 11 11 11 11 11 11 11 11 11 11 53 16 43 33 17 33 17 33 33 33 33 33 33 33 33 38 22 49 11 11 11 11 11 11 11 11 11 11 11 11 11 11 11 53 22 43 33 33 33 33 33 33 33 33 33 33 33 33 38 22 49 11 11 11 11 11 11 11 11
11 11 11 11 11 11 11 11 54 22 43 33 33 33 33 33 33 33 33 33 33 33 33 38 22 47 46 46 46 46 46 46 46 46 46 46 46 46 46 46 46 45 22 43 33 33 33 33 33 33 33 41 33 33 33 33 38 15 47 46 46 46 46 46 46 46 46 46 46 46 46 46 46 46 45 12 43 33 33 33 33 33 33 33 33 33 33 33 33 38 13 49 11 11 11 11 11 11 11 11
11 11 11 11 11 11 11 11 53 22 43 33 33 33 33 33 33 33 33 33 33 33 33 38 14 22 22 22 12 22 22 22 22 22 22 22 22 13 22 22 22 22 22 43 33 33 33 33 41 33 33 33 41 41 33 33 38 22 22 22 22 22 22 13 22 22 22 22 22 22 14 22 22 22 22 22 43 33 33 33 33 33 33 33 33 33 33 33 33 38 22 49 11 11 11 11 11 11 11 11
11 11 11 11 11 11 11 11 54 22 43 33 33 33 33 33 33 33 33 33 33 33 33 31 41 41 41 41 41 41 41 41 41 41 41 41 41 41 41 41 41 41 41 30 33 33 41 41 33 33 41 41 16 41 33 33 31 41 41 41 41 41 41 41 41 41 41 41 41 41 41 41 41 41 41 41 30 33 33 33 33 33 33 33 33 33 33 33 33 38 22 49 11 11 11 11 11 11 11 11
11 11 11 11 11 11 11 11 53 22 43 33 33 33 33 33 33 33 33 33 33 33 33 33 33 33 33 33 33 33 33 33 33 33 33 33 33 33 33 33 33 33 33 33 33 33 41 33 33 33 33 33 16 41 33 33 33 33 33 33 33 33 33 33 33 33 33 33 33 33 33 33 33 33 33 33 33 33 33 33 33 33 33 33 33 33 33 33 33 38 22 49 11 11 11 11 11 11 11 11
11 11 11 11 11 11 11 11 54 22 43 33 33 33 33 33 33 33 33 33 33 33 33 33 33 33 33 33 33 33 33 33 33 33 33 33 33 33 33 33 33 33 33 33 33 33 41 33 33 33 33 41 16 41 17 33 33 33 33 33 33 33 33 33 33 33 33 33 33 33 33 33 33 33 33 33 33 33 33 33 33 33 33 33 33 33 33 33 33 38 22 49 11 11 11 11 11 11 11 11
11 11 11 11 11 11 11 11 53 17 43 33 33 33 33 33 33 33 33 33 33 33 33 33 33 33 33 33 33 33 33 33 33 33 33 33 33 33 33 33 33 33 33 33 33 17 41 16 41 33 33 33 33 41 33 33 33 33 33 33 33 33 33 33 33 33 33 33 33 33 33 33 33 33 33 33 33 33 33 33 33 33 33 33 33 33 33 33 33 38 21 49 11 11 11 11 11 11 11 11
11 11 11 11 11 11 11 11 54 22 43 33 33 33 33 33 33 33 33 33 33 33 33 35 37 37 37 37 37 37 37 37 37 37 37 37 37 37 37 37 37 37 37 36 33 33 41 16 16 33 33 33 33 41 33 33 35 37 37 37 37 37 37 37 37 37 37 37 37 37 37 37 37 37 37 37 36 33 33 33 33 33 33 33 33 33 33 33 33 38 22 49 11 11 11 11 11 11 11 11
11 11 11 11 11 11 11 11 53 22 43 33 33 33 33 33 33 33 33 33 33 33 33 38 22 22 22 22 22 22 22 22 22 19 22 22 22 22 22 22 22 22 22 43 33 33 41 41 41 41 41 41 41 41 33 33 38 12 22 22 22 22 22 22 22 22 22 16 22 22 22 22 22 22 22 22 43 33 33 33 33 33 33 33 33 33 33 33 33 38 22 49 11 11 11 11 11 11 11 11
11 11 11 11 11 11 11 11 54 12 43 33 33 33 33 33 33 33 33 33 33 33 33 38 22 28 42 42 42 42 42 42 42 42 42 42 42 42 42 42 42 26 14 43 33 33 33 33 33 17 33 17 33 33 33 33 38 22 27 42 42 42 42 42 42 42 42 42 42 42 42 42 42 42 26 19 43 33 33 33 33 33 33 33 33 33 33 33 33 38 12 49 11 11 11 11 11 11 11 11
11 11 11 11 11 11 11 11 54 22 43 33 33 33 33 33 33 33 33 33 33 33 33 38 22 49 11 11 11 11 11 11 11 11 11 11 11 11 11 11 11 53 22 43 33 33 33 33 33 33 33 33 33 33 33 33 38 22 49 11 11 11 11 11 11 11 11 11 11 11 11 11 11 11 54 22 43 33 33 33 33 33 33 33 33 33 33 33 33 38 22 49 11 11 11 11 11 11 11 11
11 11 11 11 11 11 11 11 53 15 34 37 37 37 37 37 37 37 37 37 37 37 37 32 21 49 11 11 11 11 11 11 11 11 11 11 11 11 11 11 11 54 22 34 37 37 37 37 37 37 37 37 37 37 37 37 32 17 49 11 11 11 11 11 11 11 11 11 11 11 11 11 11 11 53 22 34 37 37 37 37 37 37 37 37 37 37 37 37 32 16 49 11 11 11 11 11 11 11 11
11 11 11 11 11 11 11 11 54 22 22 22 22 22 22 12 22 22 22 22 22 22 22 22 22 49 11 11 11 11 11 11 11 11 11 11 11 11 11 11 11 53 12 22 22 22 22 22 22 22 22 22 22 22 22 22 22 22 49 11 11 11 11 11 11 11 11 11 11 11 11 11 11 11 54 12 22 22 22 22 22 22 22 15 22 22 22 22 22 18 22 49 11 11 11 11 11 11 11 11
11 11 11 11 11 11 11 11 52 42 42 42 42 42 42 42 42 42 42 42 42 42 42 42 42 48 11 11 11 11 11 11 11 11 11 11 11 11 11 11 11 52 42 42 42 42 42 42 42 42 42 42 42 42 42 42 42 42 48 11 11 11 11 11 11 11 11 11 11 11 11 11 11 11 52 42 42 42 42 42 42 42 42 42 42 42 42 42 42 42 42 48 11 11 11 11 11 11 11 11
11 11 11 11 11 11 11 11 11 11 11 11 11 11 11 11 11 11 11 11 11 11 11 11 11 11 11 11 11 11 11 11 11 11 11 11 11 11 11 11 11 11 11 11 11 11 11 11 11 11 11 11 11 11 11 11 11 11 11 11 11 11 11 11 11 11 11 11 11 11 11 11 11 11 11 11 11 11 11 11 11 11 11 11 11 11 11 11 11 11 11 11 11 11 11 11 11 11 11 11
11 11 11 11 11 11 11 11 11 11 11 11 11 11 11 11 11 11 11 11 11 11 11 11 11 11 11 11 11 11 11 11 11 11 11 11 11 11 11 11 11 11 11 11 11 11 11 11 11 11 11 11 11 11 11 11 11 11 11 11 11 11 11 11 11 11 11 11 11 11 11 11 11 11 11 11 11 11 11 11 11 11 11 11 11 11 11 11 11 11 11 11 11 11 11 11 11 11 11 11
11 11 11 11 11 11 11 11 11 11 11 11 11 11 11 11 11 11 11 11 11 11 11 11 11 11 11 11 11 11 11 11 11 11 11 11 11 11 11 11 11 11 11 11 11 11 11 11 11 11 11 11 11 11 11 11 11 11 11 11 11 11 11 11 11 11 11 11 11 11 11 11 11 11 11 11 11 11 11 11 11 11 11 11 11 11 11 11 11 11 11 11 11 11 11 11 11 11 11 11
11 11 11 11 11 11 11 11 11 11 11 11 11 11 11 11 11 11 11 11 11 11 11 11 11 11 11 11 11 11 11 11 11 11 11 11 11 11 11 11 11 11 11 11 11 11 11 11 11 11 11 11 11 11 11 11 11 11 11 11 11 11 11 11 11 11 11 11 11 11 11 11 11 11 11 11 11 11 11 11 11 11 11 11 11 11 11 11 11 11 11 11 11 11 11 11 11 11 11 11
11 11 11 11 11 11 11 11 11 11 11 11 11 11 11 11 11 11 11 11 11 11 11 11 11 11 11 11 11 11 11 11 11 11 11 11 11 11 11 11 11 11 11 11 11 11 11 11 11 11 11 11 11 11 11 11 11 11 11 11 11 11 11 11 11 11 11 11 11 11 11 11 11 11 11 11 11 11 11 11 11 11 11 11 11 11 11 11 11 11 11 11 11 11 11 11 11 11 11 11
11 11 11 11 11 11 11 11 11 11 11 11 11 11 11 11 11 11 11 11 11 11 11 11 11 11 11 11 11 11 11 11 11 11 11 11 11 11 11 11 11 11 11 11 11 11 11 11 11 11 11 11 11 11 11 11 11 11 11 11 11 11 11 11 11 11 11 11 11 11 11 11 11 11 11 11 11 11 11 11 11 11 11 11 11 11 11 11 11 11 11 11 11 11 11 11 11 11 11 11
11 11 11 11 11 11 11 11 11 11 11 11 11 11 11 11 11 11 11 11 11 11 11 11 11 11 11 11 11 11 11 11 11 11 11 11 11 11 11 11 11 11 11 11 11 11 11 11 11 11 11 11 11 11 11 11 11 11 11 11 11 11 11 11 11 11 11 11 11 11 11 11 11 11 11 11 11 11 11 11 11 11 11 11 11 11 11 11 11 11 11 11 11 11 11 11 11 11 11 11
11 11 11 11 11 11 11 11 11 11 11 11 11 11 11 11 11 11 11 11 11 11 11 11 11 11 11 11 11 11 11 11 11 11 11 11 11 11 11 11 11 11 11 11 11 11 11 11 11 11 11 11 11 11 11 11 11 11 11 11 11 11 11 11 11 11 11 11 11 11 11 11 11 11 11 11 11 11 11 11 11 11 11 11 11 11 11 11 11 11 11 11 11 11 11 11 11 11 11 11

