148 148 148 148 148 148 148 148 148 148 148 148 148 148 148 148 148 148 148 148 148 148 148 148 148 148 148 148 148 148 148 148 148 148 148 148 148 148 148 148 148 148 148 148 148 148 148 148 148 148 148 148 148 148 148 148 148 148 148 148 148 148 148 148 148 148 148 148 148 148 148 148 148 148 148 148 148 148 148 148 148 148 148 148 148 148 148 148 148 148 148 148 148 148 148 148 148 148 148 148 
148 148 148 148 148 148 148 148 148 148 148 148 148 148 148 148 148 148 148 148 148 148 148 148 148 148 148 148 148 148 148 148 148 148 148 148 148 148 148 148 148 148 148 148 148 148 148 148 148 148 148 148 148 148 148 148 148 148 148 148 148 148 148 148 148 148 148 148 148 148 148 148 148 148 148 148 148 148 148 148 148 148 148 148 148 148 148 148 148 148 148 148 148 148 148 148 148 148 148 148 
148 148 148 148 148 148 148 148 148 148 148 148 148 148 148 148 148 148 148 148 148 148 148 148 148 148 148 148 148 148 148 148 148 148 148 148 148 148 148 148 148 148 148 148 148 148 148 148 148 148 148 148 148 148 148 148 148 148 148 148 148 148 148 148 148 148 148 148 148 148 148 148 148 148 148 148 148 148 148 148 148 148 148 148 148 148 148 148 148 148 148 148 148 148 148 148 148 148 148 148 
148 148 148 148 148 148 148 148 148 148 148 148 148 148 148 148 148 148 148 148 148 148 148 148 148 148 148 148 148 148 148 148 148 148 148 148 148 148 148 148 148 148 148 148 148 148 148 148 148 148 148 148 148 148 148 148 148 148 148 148 148 148 148 148 148 148 148 148 148 148 148 148 148 148 148 148 148 148 148 148 148 148 148 148 148 148 148 148 148 148 148 148 148 148 148 148 148 148 148 148 
148 148 148 148 148 148 148 148 148 148 148 148 148 148 148 148 148 148 148 148 148 148 148 148 148 148 148 148 148 148 148 148 148 148 148 148 148 148 148 148 148 148 148 148 148 148 148 148 148 148 148 148 148 148 148 148 148 148 148 148 148 148 148 148 148 148 148 148 148 148 148 148 148 148 148 148 148 148 148 148 148 148 148 148 148 148 148 148 148 148 148 148 148 148 148 148 148 148 148 148 
148 148 148 148 148 148 148 148 148 148 148 148 148 148 148 148 148 148 148 148 148 148 148 148 148 148 148 148 148 148 148 148 148 148 148 148 148 148 148 148 148 148 148 148 148 148 148 148 148 148 148 148 148 148 148 148 148 148 148 148 148 148 148 148 148 148 148 148 148 148 148 148 148 148 148 148 148 148 148 148 148 148 148 148 148 148 148 148 148 148 148 148 148 148 148 148 148 148 148 148 
148 148 148 148 148 148 148 148 148 148 148 148 148 148 148 148 148 148 148 148 148 148 148 148 148 148 148 148 148 148 148 148 148 148 148 148 148 148 148 148 148 148 148 148 148 148 148 148 148 148 148 148 148 148 148 148 148 148 148 148 148 148 148 148 148 148 148 148 148 148 148 148 148 148 148 148 148 148 148 148 148 148 148 148 148 148 148 148 148 148 148 148 148 148 148 148 148 148 148 148 
148 148 148 148 148 148 148 148 148 148 148 148 148 148 148 148 148 148 148 148 148 148 148 148 148 148 148 148 148 148 148 148 148 148 148 148 148 148 148 148 148 148 148 148 148 148 148 148 148 148 148 148 148 148 148 148 148 148 148 148 148 148 148 148 148 148 148 148 148 148 148 148 148 148 148 148 148 148 148 148 148 148 148 148 148 148 148 148 148 148 148 148 148 148 148 148 148 148 148 148 
148 148 148 148 148 148 148 148 148 148 146 134 134 134 134 134 134 134 134 134 134 134 134 134 134 134 133 148 148 148 148 146 134 134 134 134 134 134 134 134 134 134 134 134 134 134 134 133 148 148 148 148 146 134 134 134 134 134 134 134 134 134 134 134 134 134 134 134 133 148 148 148 148 146 134 134 134 134 134 134 134 134 134 134 134 134 134 134 134 133 148 148 148 148 148 148 148 148 148 148 
148 148 148 148 148 148 148 148 148 148 130 104 119 122 119 119 119 126 119 119 119 119 119 119 119 103 132 148 148 148 148 130 119 101 119 119 119 119 119 119 119 119 119 126 119 119 103 132 148 148 148 148 130 119 119 106 119 119 119 119 119 119 119 119 126 119 119 119 132 148 148 148 148 130 119 119 119 119 119 119 119 103 119 119 119 119 119 119 101 132 148 148 148 148 148 148 148 148 148 148 
148 148 148 148 148 148 148 148 148 148 130 119 115 114 114 114 114 114 114 114 114 114 114 114 113 119 132 148 148 148 148 130 126 115 114 114 114 114 114 114 114 114 114 114 114 113 119 132 148 148 148 148 130 119 115 114 114 114 114 114 114 114 114 114 114 114 113 119 132 148 148 148 148 130 107 115 114 114 114 114 114 114 114 114 114 114 114 113 119 132 148 148 148 148 148 148 148 148 148 148 
148 148 148 148 148 148 148 148 148 148 130 126 117 118 125 118 125 118 127 118 118 118 118 118 116 119 132 148 148 148 148 130 119 117 118 118 118 118 118 127 118 118 118 118 118 116 119 132 148 148 148 148 130 100 117 125 118 118 118 118 118 118 118 118 118 125 116 119 132 148 148 148 148 130 119 117 118 118 118 118 118 118 118 118 118 118 118 116 119 132 148 148 148 148 148 148 148 148 148 148 
148 148 148 148 148 148 148 148 148 148 130 119 117 118 125 125 125 118 127 118 124 118 118 118 116 119 144 142 142 142 142 143 120 117 118 118 118 118 118 118 118 118 118 118 118 116 122 144 142 142 142 142 143 119 117 127 124 127 118 127 118 127 118 127 124 118 116 104 144 142 142 142 142 143 122 117 118 118 118 118 118 118 118 118 118 118 118 116 119 132 148 148 148 148 148 148 148 148 148 148 
148 148 148 148 148 148 148 148 148 148 130 119 117 118 125 118 125 118 127 124 127 127 127 118 116 100 119 119 119 119 126 119 119 117 118 118 127 118 127 127 127 118 127 125 118 116 119 119 126 119 119 119 119 119 117 125 118 118 125 118 125 118 125 118 118 125 116 119 119 126 119 119 119 119 119 117 118 118 118 118 118 118 118 118 118 118 118 116 126 132 148 148 148 148 148 148 148 148 148 148 
148 148 148 148 148 148 148 148 148 148 130 119 117 118 118 118 118 118 118 118 118 118 127 118 121 114 114 114 114 114 114 114 114 123 118 127 127 118 124 118 124 118 127 127 118 121 114 114 114 114 114 114 114 114 123 118 127 118 127 118 127 118 127 118 127 118 121 114 114 114 114 114 114 114 114 123 118 118 118 118 118 118 118 118 118 118 118 116 119 132 148 148 148 148 148 148 148 148 148 148 
148 148 148 148 148 148 148 148 148 148 130 119 117 118 124 118 118 118 118 118 118 118 118 118 128 118 118 118 118 118 118 118 118 128 118 118 118 118 118 124 118 118 118 118 118 128 118 118 118 118 118 118 118 118 128 118 118 118 118 118 118 118 118 118 118 118 128 118 118 118 118 118 118 118 118 128 118 118 118 118 118 118 118 118 118 118 118 116 119 132 148 148 148 148 148 148 148 148 148 148 
148 148 148 148 148 148 148 148 148 148 130 119 117 118 118 118 118 118 127 118 118 118 127 118 128 118 118 118 118 118 118 118 118 128 118 118 118 118 118 118 118 118 118 118 118 128 118 118 118 118 118 118 118 118 128 127 118 127 127 118 118 127 127 127 118 127 128 118 118 118 118 118 118 118 118 128 118 118 118 118 118 118 118 118 118 118 118 116 119 132 148 148 148 148 148 148 148 148 148 148 
148 148 148 148 148 148 148 148 148 148 130 101 117 127 127 127 118 127 127 127 124 127 127 118 128 118 118 118 118 118 118 118 118 128 118 118 118 118 124 124 124 118 118 118 118 128 118 118 118 118 118 118 118 118 128 118 118 118 118 118 118 118 118 118 118 118 128 118 118 118 118 118 118 118 118 128 118 118 118 118 118 118 118 118 118 118 118 116 104 132 148 148 148 148 148 148 148 148 148 148 
148 148 148 148 148 148 148 148 148 148 130 119 117 118 118 118 118 118 124 118 118 118 118 118 110 112 112 112 112 112 112 112 112 111 118 127 127 118 118 127 118 118 127 127 118 110 112 112 112 112 112 112 112 112 111 127 118 127 118 127 118 127 118 127 118 127 110 112 112 112 112 112 112 112 112 111 118 118 118 118 118 118 118 118 118 118 118 116 119 132 148 148 148 148 148 148 148 148 148 148 
148 148 148 148 148 148 148 148 148 148 130 126 117 118 124 118 124 118 118 118 118 118 118 118 116 119 119 119 119 119 119 119 119 117 118 118 127 118 127 127 127 118 127 118 118 116 119 119 119 119 119 119 119 119 117 118 118 118 124 124 124 124 124 118 118 118 116 119 119 119 119 119 119 119 120 117 118 118 118 118 118 118 118 118 118 118 118 116 119 132 148 148 148 148 148 148 148 148 148 148 
148 148 148 148 148 148 148 148 148 148 130 119 117 118 118 118 118 118 118 118 118 118 118 118 116 106 140 147 147 147 147 141 119 117 118 125 118 125 118 118 118 125 118 125 118 116 126 140 147 147 147 147 141 122 117 118 118 118 118 118 118 118 118 118 118 118 116 103 140 147 147 147 147 141 119 117 118 118 118 118 118 118 118 118 118 118 118 116 119 132 148 148 148 148 148 148 148 148 148 148 
148 148 148 148 148 148 148 148 148 148 130 120 109 112 112 112 111 128 128 128 110 112 112 112 108 119 132 148 148 148 148 130 119 109 112 112 112 111 128 128 128 110 112 112 112 108 119 132 148 148 148 148 130 119 109 112 112 112 112 112 112 112 112 112 112 112 108 119 132 148 148 148 148 130 100 109 112 112 112 112 112 112 112 112 112 112 112 108 101 132 148 148 148 148 148 148 148 148 148 148 
148 148 148 148 148 148 148 148 148 148 130 119 119 119 119 119 117 118 118 118 116 119 119 119 119 119 132 148 148 148 148 130 119 119 119 119 119 117 118 118 118 116 100 119 119 119 119 132 148 148 148 148 130 119 119 119 119 126 119 119 119 119 119 119 126 119 119 119 132 148 148 148 148 130 119 119 119 126 119 119 119 119 119 119 119 119 119 119 119 132 148 148 148 148 148 148 148 148 148 148 
148 148 148 148 148 148 148 148 148 148 145 147 147 147 141 119 117 118 118 118 116 119 140 147 147 147 131 148 148 148 148 145 147 147 147 141 119 117 118 118 118 116 119 140 147 147 147 131 148 148 148 148 145 147 147 147 147 147 147 147 147 147 147 147 147 147 147 147 131 148 148 148 148 145 147 147 147 147 147 147 147 147 147 147 147 147 147 147 147 131 148 148 148 148 148 148 148 148 148 148 
148 148 148 148 148 148 148 148 148 148 148 148 148 148 130 119 117 118 118 118 116 119 132 148 148 148 148 148 148 148 148 148 148 148 148 130 105 117 118 118 118 116 119 132 148 148 148 148 148 148 148 148 148 148 148 148 148 148 148 148 148 148 148 148 148 148 148 148 148 148 148 148 148 148 148 148 148 148 148 148 148 148 148 148 148 148 148 148 148 148 148 148 148 148 148 148 148 148 148 148 
148 148 148 148 148 148 148 148 148 148 148 148 148 148 130 119 117 118 118 118 116 3 132 148 148 148 148 148 148 148 148 148 148 148 148 130 119 117 118 118 118 116 119 132 148 148 148 148 148 148 148 148 148 148 148 148 148 148 148 148 148 148 148 148 148 148 148 148 148 148 148 148 148 148 148 148 148 148 148 148 148 148 148 148 148 148 148 148 148 148 148 148 148 148 148 148 148 148 148 148 
148 148 148 148 148 148 148 148 148 148 148 148 148 148 130 126 117 118 118 118 116 119 132 148 148 148 148 148 148 148 148 148 148 148 148 130 119 117 118 118 118 116 119 132 148 148 148 148 148 148 148 148 148 148 148 148 148 148 148 148 148 148 148 148 148 148 148 148 148 148 148 148 148 148 148 148 148 148 148 148 148 148 148 148 148 148 148 148 148 148 148 148 148 148 148 148 148 148 148 148 
148 148 148 148 148 148 148 148 148 148 148 148 148 148 130 119 117 118 118 118 116 119 132 148 148 148 148 148 148 148 148 148 148 148 148 130 119 117 118 118 118 116 119 137 134 134 134 134 134 134 134 134 134 134 133 148 148 148 148 148 148 148 148 148 148 148 148 148 148 148 148 148 148 148 148 148 148 148 148 148 148 148 148 148 148 148 148 148 148 148 148 148 148 148 148 148 148 148 148 148 
148 148 148 148 148 148 148 148 148 148 148 148 148 148 130 119 117 118 118 118 116 119 132 148 148 148 148 148 148 148 148 148 148 148 148 130 119 117 118 118 118 116 3 119 119 119 119 119 119 119 119 119 119 119 132 148 148 148 148 148 148 148 148 148 148 148 148 148 148 148 148 148 148 148 148 148 148 148 148 148 148 148 148 148 148 148 148 148 148 148 148 148 148 148 148 148 148 148 148 148 
148 148 148 148 148 148 148 148 148 148 148 148 148 148 130 119 117 118 118 118 116 126 132 148 148 148 148 148 148 148 148 148 148 148 148 130 119 117 118 118 118 121 114 114 114 114 114 114 114 114 114 114 113 119 132 148 148 148 148 148 148 148 148 148 148 148 148 148 148 148 148 148 148 148 148 148 148 148 148 148 148 148 148 148 148 148 148 148 148 148 148 148 148 148 148 148 148 148 148 148 
148 148 148 148 148 148 148 148 148 148 148 148 148 148 130 119 117 118 118 118 116 119 132 148 148 148 148 148 148 148 148 148 148 148 148 130 119 117 118 118 118 118 118 118 118 118 118 118 118 118 118 118 116 119 132 148 148 148 148 148 148 148 148 148 148 148 148 148 148 148 148 148 148 148 148 148 148 148 148 148 148 148 148 148 148 148 148 148 148 148 148 148 148 148 148 148 148 148 148 148 
148 148 148 148 148 148 148 148 148 148 148 148 148 148 130 3 117 118 118 118 116 119 132 148 148 148 148 148 148 148 148 148 148 148 148 130 119 117 118 118 118 118 118 118 118 118 118 118 118 118 118 118 116 119 132 148 148 148 148 148 148 148 148 148 148 148 148 148 148 148 148 148 148 148 148 148 148 148 148 148 148 148 148 148 148 148 148 148 148 148 148 148 148 148 148 148 148 148 148 148 
148 148 148 148 148 148 148 148 148 148 148 148 148 148 130 119 117 118 118 118 116 122 132 148 148 148 148 148 148 148 148 148 148 148 148 130 105 117 118 118 118 118 118 118 118 118 118 118 118 118 118 118 116 119 132 148 148 148 148 148 148 148 148 148 148 148 148 148 148 148 148 148 148 148 148 148 148 148 148 148 148 148 148 148 148 148 148 148 148 148 148 148 148 148 148 148 148 148 148 148 
148 148 148 148 148 148 148 148 148 148 148 148 148 148 130 119 117 118 118 118 116 119 132 148 148 148 148 148 148 148 148 148 148 148 148 130 119 117 112 112 112 112 112 112 112 112 112 112 111 118 118 118 116 119 132 148 148 148 148 148 148 148 148 148 148 148 148 148 148 148 148 148 148 148 148 148 148 148 148 148 148 148 148 148 148 148 148 148 148 148 148 148 148 148 148 148 148 148 148 148 
148 148 148 148 148 148 148 148 148 148 148 148 148 148 130 126 117 118 118 118 116 119 132 148 148 148 148 148 148 148 148 148 148 148 148 130 119 119 119 119 119 119 119 119 119 119 119 100 117 118 118 118 116 119 132 148 148 148 148 148 148 148 148 148 148 148 148 148 148 148 148 148 148 148 148 148 148 148 148 148 148 148 148 148 148 148 148 148 148 148 148 148 148 148 148 148 148 148 148 148 
148 148 148 148 148 148 148 148 148 148 148 148 148 148 130 119 117 118 118 118 116 119 132 148 148 148 148 148 148 148 148 148 148 148 148 145 147 147 147 147 147 147 147 147 147 147 141 119 117 118 118 118 116 3 132 148 148 148 148 148 148 148 148 148 148 148 148 148 148 148 148 148 148 148 148 148 148 148 148 148 148 148 148 148 148 148 148 148 148 148 148 148 148 148 148 148 148 148 148 148 
148 148 148 148 148 148 148 148 148 148 148 148 148 148 130 119 117 118 118 118 116 126 132 148 148 148 148 148 148 148 148 148 148 148 148 148 148 148 148 148 148 148 148 148 148 148 130 119 117 118 118 118 116 119 132 148 148 148 148 148 148 148 148 148 148 148 148 148 148 148 148 148 148 148 148 148 148 148 148 148 148 148 148 148 148 148 148 148 148 148 148 148 148 148 148 148 148 148 148 148 
148 148 148 148 148 148 148 148 148 148 148 148 148 148 130 119 117 118 118 118 116 119 132 148 148 148 148 148 148 148 148 148 148 148 148 148 148 148 148 148 148 148 148 148 148 148 130 119 117 118 118 118 116 119 132 148 148 148 148 148 148 148 148 148 148 148 148 148 148 148 148 148 148 148 148 148 148 148 148 148 148 148 148 148 148 148 148 148 148 148 148 148 148 148 148 148 148 148 148 148 
148 148 148 148 148 148 148 148 148 148 148 148 148 148 130 103 117 118 118 118 116 119 132 148 148 148 148 148 148 148 148 148 148 148 148 148 148 148 148 148 148 148 148 148 148 148 130 119 117 118 118 118 116 119 132 148 148 148 148 148 148 148 148 148 148 148 148 148 148 148 148 148 148 148 148 148 148 148 148 148 148 148 148 148 148 148 148 148 148 148 148 148 148 148 148 148 148 148 148 148 
148 148 148 148 148 148 148 148 146 134 134 134 134 134 136 119 117 118 118 118 116 104 137 134 134 134 133 148 148 148 148 148 148 148 148 148 148 148 146 134 134 134 134 134 134 134 136 105 117 118 118 118 116 122 137 134 134 134 134 134 134 133 148 148 148 148 148 148 148 148 148 148 148 146 134 134 134 134 134 134 134 134 134 134 134 134 134 134 134 134 134 133 148 148 148 148 148 148 148 148 
148 148 148 148 148 148 148 148 130 106 119 119 126 119 119 119 117 118 118 118 116 119 119 119 119 119 132 148 148 148 148 148 148 148 148 148 148 148 130 119 119 119 126 119 119 119 119 119 117 118 118 118 116 119 119 119 119 119 101 119 119 132 148 148 148 148 148 148 148 148 148 148 148 130 119 120 119 119 126 119 119 119 119 119 119 119 119 119 119 119 103 132 148 148 148 148 148 148 148 148 
148 148 148 148 148 148 148 148 130 119 115 114 114 114 114 114 123 128 128 128 121 114 114 114 113 103 132 148 148 148 148 148 148 148 148 148 148 148 130 107 115 114 114 114 114 114 114 114 123 128 128 128 121 114 114 114 114 114 114 113 119 132 148 148 148 148 148 148 148 148 148 148 148 130 107 115 114 114 114 114 114 114 114 114 114 114 114 114 114 113 119 132 148 148 148 148 148 148 148 148 
148 148 148 148 148 148 148 148 130 119 117 118 118 118 118 118 118 124 118 118 118 118 118 118 116 119 132 148 148 148 148 148 148 148 148 148 148 148 130 119 117 118 118 118 118 118 118 118 118 118 118 118 127 118 118 125 125 125 125 116 126 132 148 148 148 148 148 148 148 148 148 148 148 130 119 117 118 118 118 118 118 118 118 118 118 118 118 118 118 116 119 132 148 148 148 148 148 148 148 148 
148 148 148 148 148 148 148 148 130 122 117 118 118 118 118 118 118 118 118 118 118 118 118 118 116 119 132 148 148 148 148 148 148 148 148 148 148 148 130 119 117 118 127 127 127 127 127 127 127 127 127 127 127 118 118 125 125 125 125 116 119 132 148 148 148 148 148 148 148 148 148 148 148 130 119 117 118 118 118 118 118 118 118 118 118 118 118 118 118 116 119 132 148 148 148 148 148 148 148 148 
148 148 148 148 148 148 148 148 130 119 117 118 124 118 118 118 127 118 118 127 118 118 118 118 116 119 132 148 148 148 148 148 148 148 148 148 148 148 130 119 117 118 127 118 118 118 127 118 118 124 118 124 118 118 118 125 125 125 125 116 120 132 148 148 148 148 148 148 148 148 148 148 148 130 119 117 118 118 118 118 118 118 118 118 118 118 118 118 118 116 119 132 148 148 148 148 148 148 148 148 
148 148 148 148 148 148 148 148 130 119 117 118 118 118 127 127 127 118 118 127 127 118 118 118 116 119 144 142 142 142 142 142 142 142 142 142 142 142 143 119 117 118 127 118 124 124 127 124 118 118 124 118 127 118 118 125 125 125 125 116 119 144 142 142 142 142 142 142 142 142 142 142 142 143 119 117 118 118 118 118 118 118 118 118 118 118 118 118 118 116 100 132 148 148 148 148 148 148 148 148 
148 148 148 148 148 148 148 148 130 119 117 118 118 127 127 118 118 118 118 118 127 118 118 118 116 100 119 119 126 119 119 119 119 119 119 119 119 105 119 119 117 118 127 118 124 118 118 118 118 118 124 118 127 127 127 127 127 127 127 116 119 119 119 119 119 119 119 119 119 119 3 119 119 119 119 117 118 118 118 118 118 118 118 118 118 118 118 118 118 116 119 132 148 148 148 148 148 148 148 148 
148 148 148 148 148 148 148 148 130 119 117 127 127 127 118 118 125 125 125 118 127 118 118 118 121 114 114 114 114 114 114 114 114 114 114 114 114 114 114 114 123 118 127 118 124 124 127 124 118 124 118 124 127 118 118 118 118 118 118 121 114 114 114 114 114 114 114 114 114 114 114 114 114 114 114 123 118 118 118 118 118 118 118 118 118 118 118 118 118 116 119 132 148 148 148 148 148 148 148 148 
148 148 148 148 148 148 148 148 130 105 117 127 127 127 118 118 125 118 125 118 127 118 118 118 128 118 118 118 118 118 118 118 118 118 118 118 118 118 118 118 128 118 127 118 118 118 127 118 118 118 118 118 127 118 118 118 118 118 118 128 118 118 118 118 118 118 118 118 118 118 118 118 118 118 118 128 118 118 118 118 118 118 118 118 118 118 118 118 118 116 119 132 148 148 148 148 148 148 148 148 
148 148 148 148 148 148 148 148 130 119 117 118 118 127 118 118 118 118 118 118 127 127 127 118 128 118 118 118 118 118 118 118 118 118 118 118 118 118 118 118 128 118 127 118 118 127 127 127 127 127 127 127 127 118 127 127 118 118 118 128 118 118 118 118 118 118 118 118 118 118 118 118 118 118 118 128 118 118 118 118 118 118 118 118 118 118 118 118 118 116 119 132 148 148 148 148 148 148 148 148 
148 148 148 148 148 148 148 148 130 119 117 118 118 118 118 118 118 118 118 118 118 118 118 118 128 118 118 118 118 118 118 118 118 118 118 118 118 118 118 118 128 118 127 118 118 118 118 127 118 118 118 118 118 118 118 127 118 118 118 128 118 118 118 118 118 118 118 118 118 118 118 118 118 118 118 128 118 118 118 118 118 118 118 118 118 118 118 118 118 116 119 132 148 148 148 148 148 148 148 148 
148 148 148 148 148 148 148 148 130 126 117 118 118 124 118 127 127 127 118 118 127 127 127 118 110 112 112 112 112 112 112 112 112 112 112 112 112 112 112 112 111 118 127 118 118 118 118 118 118 118 118 124 118 118 118 127 118 118 118 110 114 114 114 114 114 114 114 114 114 114 114 114 114 114 114 111 118 118 118 118 118 118 118 118 118 118 118 118 118 116 119 132 148 148 148 148 148 148 148 148 
148 148 148 148 148 148 148 148 130 119 117 118 118 118 118 127 118 127 118 118 127 118 118 118 116 126 119 119 119 119 119 119 119 119 119 119 119 119 119 119 117 118 127 118 118 118 118 127 124 124 118 118 118 118 118 127 118 118 118 116 119 119 119 119 119 119 119 119 119 119 119 119 119 119 119 117 118 118 118 118 118 118 118 118 118 118 118 118 118 116 119 132 148 148 148 148 148 148 148 148 
148 148 148 148 148 148 148 148 130 119 117 118 118 124 118 127 118 127 127 127 127 118 118 118 116 119 140 147 147 147 147 147 147 147 147 147 147 147 141 126 117 118 127 127 127 118 118 127 118 118 118 118 118 118 118 127 118 118 118 116 100 140 147 147 147 147 147 147 147 147 147 147 147 141 119 117 118 118 118 118 118 118 118 118 118 118 118 118 118 116 119 132 148 148 148 148 148 148 148 148 
148 148 148 148 148 148 148 148 130 119 117 118 118 118 118 118 124 118 118 118 127 118 118 118 116 119 132 148 148 148 148 148 148 148 148 148 148 148 130 119 117 118 118 118 127 127 127 127 127 127 127 127 127 127 127 118 118 118 118 116 119 132 148 148 148 148 148 148 148 148 148 148 148 130 105 117 118 118 118 118 118 118 118 118 118 118 118 118 118 116 119 132 148 148 148 148 148 148 148 148 
148 148 148 148 148 148 148 148 130 119 117 118 118 118 118 118 118 118 118 118 127 118 118 118 116 105 132 148 148 148 148 148 148 148 148 148 148 148 130 119 117 118 118 118 118 118 118 118 118 118 118 118 118 118 118 118 118 118 118 116 119 132 148 148 148 148 148 148 148 148 148 148 148 130 119 117 118 118 118 118 118 118 118 118 118 118 118 118 118 116 119 132 148 148 148 148 148 148 148 148 
148 148 148 148 148 148 148 148 130 103 109 112 112 112 112 112 112 112 112 112 112 112 112 112 108 119 132 148 148 148 148 148 148 148 148 148 148 148 130 103 109 112 112 112 112 112 112 111 128 128 128 110 112 112 112 112 112 112 112 108 119 132 148 148 148 148 148 148 148 148 148 148 148 130 119 109 112 112 112 112 111 128 128 128 110 112 112 112 112 108 126 132 148 148 148 148 148 148 148 148 
148 148 148 148 148 148 148 148 130 119 119 119 119 119 119 119 119 119 119 119 119 119 119 119 119 119 132 148 148 148 148 148 148 148 148 148 148 148 130 119 119 119 119 119 119 119 119 117 118 118 118 116 119 119 119 119 119 119 119 119 119 132 148 148 148 148 148 148 148 148 148 148 148 130 119 119 119 119 119 119 117 118 118 118 116 119 119 119 119 119 119 132 148 148 148 148 148 148 148 148 
148 148 148 148 148 148 148 148 145 147 147 147 147 147 147 147 147 147 147 147 147 147 147 147 147 147 131 148 148 148 148 148 148 148 148 148 148 148 145 147 147 147 147 147 147 141 126 117 118 118 118 116 119 140 147 147 147 147 147 147 147 131 148 148 148 148 148 148 148 148 148 148 148 145 147 147 147 147 141 119 117 118 118 118 116 100 140 147 147 147 147 131 148 148 148 148 148 148 148 148 
148 148 148 148 148 148 148 148 148 148 148 148 148 148 148 148 148 148 148 148 148 148 148 148 148 148 148 148 148 148 148 148 148 148 148 148 148 148 148 148 148 148 148 148 148 130 119 117 118 118 118 116 122 132 148 148 148 148 148 148 148 148 148 148 148 148 148 148 148 148 148 148 148 148 148 148 148 148 130 119 117 118 118 118 116 119 132 148 148 148 148 148 148 148 148 148 148 148 148 148 
148 148 148 148 148 148 148 148 148 148 148 148 148 148 148 148 148 148 148 148 148 148 148 148 148 148 148 148 148 148 148 148 148 148 148 148 148 148 148 148 148 148 148 148 148 130 119 117 118 118 118 116 119 132 148 148 148 148 148 148 148 148 148 148 148 148 148 148 148 148 148 148 148 148 148 148 148 148 130 119 117 118 118 118 116 119 132 148 148 148 148 148 148 148 148 148 148 148 148 148 
148 148 148 148 148 148 148 148 148 148 148 148 148 148 148 148 148 148 148 148 148 148 148 148 148 148 148 148 148 148 148 148 148 148 148 148 148 148 148 148 148 148 148 148 148 130 119 117 118 118 118 116 119 132 148 148 148 148 148 148 148 148 148 148 148 148 148 148 148 148 148 148 148 148 148 148 148 148 130 119 117 118 118 118 116 119 132 148 148 148 148 148 148 148 148 148 148 148 148 148 
148 148 148 148 148 148 148 148 148 148 148 148 148 148 148 148 148 148 148 148 148 148 148 148 148 148 148 148 148 148 148 148 148 148 148 148 148 148 148 148 148 148 148 148 148 130 119 117 118 118 118 116 119 132 148 148 148 148 148 148 148 148 148 148 148 148 148 148 148 148 148 148 148 148 148 148 148 148 130 101 117 118 118 118 116 119 132 148 148 148 148 148 148 148 148 148 148 148 148 148 
148 148 148 148 148 148 148 148 148 148 148 148 148 148 148 148 148 148 148 148 148 148 148 148 148 148 148 148 148 148 148 148 148 148 148 148 148 148 148 148 148 148 148 148 148 130 119 117 118 118 118 116 126 132 148 148 148 148 148 148 148 148 148 148 148 148 148 148 148 148 148 148 148 148 148 148 148 148 130 119 117 118 118 118 116 105 132 148 148 148 148 148 148 148 148 148 148 148 148 148 
148 148 148 148 148 148 148 148 148 148 148 148 148 148 148 148 148 148 148 148 148 148 148 148 148 148 148 148 148 148 148 148 148 148 148 148 148 148 148 148 148 148 148 148 148 130 105 117 118 118 118 116 119 132 148 148 148 148 148 148 148 148 148 148 148 148 148 148 148 148 148 148 148 148 148 148 148 148 130 119 117 118 118 118 116 119 132 148 148 148 148 148 148 148 148 148 148 148 148 148 
148 148 148 148 148 148 148 148 148 148 148 148 148 148 148 148 148 148 148 148 148 148 148 148 148 148 148 148 148 148 148 148 148 148 148 148 148 148 148 148 148 148 148 148 148 130 119 117 118 118 118 116 119 132 148 148 148 148 148 148 148 148 148 148 148 148 148 148 148 148 148 148 148 148 148 148 148 148 130 119 117 118 118 118 116 119 132 148 148 148 148 148 148 148 148 148 148 148 148 148 
148 148 148 148 148 148 148 148 148 148 148 148 148 148 148 148 148 148 148 148 148 148 148 148 148 148 148 148 148 148 148 148 148 148 148 148 148 148 148 148 148 148 148 148 148 130 119 117 118 118 118 116 119 132 148 148 148 148 148 148 148 148 148 148 148 148 148 148 148 148 148 148 148 148 148 148 148 148 130 119 117 118 118 118 116 119 132 148 148 148 148 148 148 148 148 148 148 148 148 148 
148 148 148 148 148 148 148 148 148 148 148 148 148 148 148 148 148 148 148 148 148 148 148 148 148 148 148 148 148 148 148 148 148 148 148 148 148 148 148 148 148 148 148 148 148 130 119 117 118 118 118 116 119 132 148 148 148 148 148 148 148 148 148 148 148 148 148 148 148 148 148 148 148 148 148 148 148 148 130 119 117 118 118 118 116 126 132 148 148 148 148 148 148 148 148 148 148 148 148 148 
148 148 148 148 148 148 148 148 148 148 148 148 148 148 148 148 148 148 148 148 148 148 148 148 148 148 148 148 148 148 148 148 148 148 148 148 148 148 148 148 148 148 148 148 148 130 119 117 118 118 118 116 119 132 148 148 148 148 148 148 148 148 148 148 148 148 148 148 148 148 148 148 148 148 148 148 148 148 130 119 117 118 118 118 116 119 132 148 148 148 148 148 148 148 148 148 148 148 148 148 
148 148 148 148 148 148 148 148 148 148 148 148 148 148 148 148 148 148 148 148 148 148 148 148 148 148 148 148 148 148 148 148 148 148 148 148 148 148 148 148 148 148 148 148 148 130 126 117 118 118 118 116 119 132 148 148 148 148 148 148 148 148 148 148 148 148 148 148 148 148 148 148 148 148 148 148 148 148 130 100 117 118 118 118 116 119 132 148 148 148 148 148 148 148 148 148 148 148 148 148 
148 148 148 148 148 148 148 148 148 148 148 148 148 148 148 148 148 148 148 148 148 148 148 148 148 148 148 148 148 148 148 148 148 148 148 148 148 148 148 148 148 148 148 148 148 130 119 117 118 118 118 116 119 132 148 148 148 148 148 148 148 148 148 148 148 148 148 148 148 148 148 148 148 148 148 148 148 148 130 119 117 118 118 118 116 119 132 148 148 148 148 148 148 148 148 148 148 148 148 148 
148 148 148 148 148 148 148 148 148 148 148 148 148 148 148 148 148 148 148 148 148 148 148 148 148 148 148 148 148 148 148 148 148 148 148 148 148 148 148 148 148 148 148 148 148 130 119 117 118 118 118 116 119 132 148 148 148 148 148 148 148 148 148 148 148 148 148 148 148 148 148 148 148 148 148 148 148 148 130 119 117 118 118 118 116 119 132 148 148 148 148 148 148 148 148 148 148 148 148 148 
148 148 148 148 148 148 148 148 148 148 148 148 148 148 148 148 148 148 148 148 148 148 148 148 148 148 148 148 148 148 148 148 148 148 148 148 148 148 148 148 148 148 148 148 148 130 119 117 118 118 118 116 119 132 148 148 148 148 148 148 148 148 148 148 148 148 148 148 148 148 148 148 148 148 148 148 148 148 130 119 117 118 118 118 116 119 132 148 148 148 148 148 148 148 148 148 148 148 148 148 
148 148 148 148 148 148 148 148 148 148 148 148 148 148 148 148 148 148 148 148 148 148 148 148 148 148 148 148 148 148 148 148 148 148 148 148 148 148 148 148 148 148 148 148 148 130 119 117 118 118 118 116 119 132 148 148 148 148 148 148 148 148 148 148 148 148 148 148 148 148 148 148 148 148 148 148 148 148 130 119 117 118 118 118 116 119 132 148 148 148 148 148 148 148 148 148 148 148 148 148 
148 148 148 148 148 148 148 148 146 134 134 134 134 134 134 134 134 134 134 134 134 134 134 134 134 133 148 148 148 148 148 148 148 148 148 148 148 148 148 148 148 146 134 134 134 136 126 117 118 118 118 116 107 137 134 134 134 134 133 148 148 148 148 148 148 148 148 148 148 148 148 148 148 148 146 134 134 134 136 3 117 118 118 118 116 119 137 134 134 134 134 133 148 148 148 148 148 148 148 148 
148 148 148 148 148 148 148 148 130 126 119 119 101 119 119 119 119 119 119 100 126 119 119 119 119 132 148 148 148 148 148 148 148 148 148 148 148 148 148 148 148 130 119 119 119 119 119 117 118 118 118 116 119 119 119 126 119 119 132 148 148 148 148 148 148 148 148 148 148 148 148 148 148 148 130 119 119 119 119 119 117 118 118 118 116 126 119 119 119 119 119 132 148 148 148 148 148 148 148 148 
148 148 148 148 148 148 148 148 130 119 115 114 114 114 114 114 114 114 114 114 114 114 114 113 103 132 148 148 148 148 148 148 148 148 148 148 148 148 148 148 148 130 119 115 114 114 114 123 128 128 128 121 114 114 114 114 113 119 132 148 148 148 148 148 148 148 148 148 148 148 148 148 148 148 130 107 115 114 114 114 123 128 128 128 121 114 114 114 114 113 122 132 148 148 148 148 148 148 148 148 
148 148 148 148 148 148 148 148 130 119 117 125 118 118 118 118 118 118 118 118 118 118 118 116 119 132 148 148 148 148 148 148 148 148 148 148 148 148 148 148 148 130 119 117 118 118 118 118 118 118 118 118 118 118 118 118 116 119 132 148 148 148 148 148 148 148 148 148 148 148 148 148 148 148 130 119 117 118 118 118 118 118 118 118 118 118 118 118 118 116 119 132 148 148 148 148 148 148 148 148 
148 148 148 148 148 148 148 148 130 104 117 125 118 118 118 118 118 124 118 118 127 124 118 116 119 132 148 148 148 148 148 148 148 148 148 148 148 148 148 148 148 130 3 117 118 124 118 124 118 118 118 118 118 118 118 118 116 119 132 148 148 148 148 148 148 148 148 148 148 148 148 148 148 148 130 119 117 118 118 118 118 118 118 118 118 118 118 118 118 116 119 132 148 148 148 148 148 148 148 148 
148 148 148 148 148 148 148 148 130 119 117 125 118 118 127 118 118 118 127 118 127 118 118 116 119 144 142 142 142 142 142 142 142 142 142 142 142 142 142 142 142 143 119 117 118 118 118 118 118 118 118 127 118 118 118 118 116 101 144 142 142 142 142 142 142 142 142 142 142 142 142 142 142 142 143 126 117 118 118 118 118 118 118 118 118 118 118 118 118 116 100 132 148 148 148 148 148 148 148 148 
148 148 148 148 148 148 148 148 130 119 117 125 118 118 127 127 127 127 127 124 127 118 118 116 122 119 119 119 126 119 119 119 119 119 119 119 119 100 119 119 119 119 119 117 118 118 118 118 127 118 118 118 127 127 118 118 116 119 119 119 119 119 119 100 119 119 119 119 119 119 122 119 119 119 119 119 117 118 118 118 118 118 118 118 118 118 118 118 118 116 119 132 148 148 148 148 148 148 148 148 
148 148 148 148 148 148 148 148 130 119 117 118 118 118 127 127 127 127 127 118 127 118 118 121 114 114 114 114 114 114 114 114 114 114 114 114 114 114 114 114 114 114 114 123 118 118 127 127 118 118 127 127 125 127 118 118 121 114 114 114 114 114 114 114 114 114 114 114 114 114 114 114 114 114 114 114 123 118 118 118 118 118 118 118 118 118 118 118 118 116 119 132 148 148 148 148 148 148 148 148 
148 148 148 148 148 148 148 148 130 119 117 124 118 118 118 118 118 118 118 118 127 118 118 128 118 118 118 118 118 118 118 118 118 118 118 118 118 118 118 118 118 118 118 128 118 118 127 118 118 118 118 118 125 127 118 118 128 118 118 118 118 118 118 118 118 118 118 118 118 118 118 118 118 118 118 118 128 118 118 118 118 118 118 118 118 118 118 118 118 116 119 132 148 148 148 148 148 148 148 148 
148 148 148 148 148 148 148 148 130 119 117 118 118 118 118 118 118 118 118 118 127 118 118 128 118 118 118 118 118 118 118 118 118 118 118 118 118 118 118 118 118 118 118 128 118 118 127 118 118 118 118 127 125 127 124 118 128 118 118 118 118 118 118 118 118 118 118 118 118 118 118 118 118 118 118 118 128 118 118 118 118 118 118 118 118 118 118 118 118 116 119 132 148 148 148 148 148 148 148 148 
148 148 148 148 148 148 148 148 130 103 117 118 118 118 124 118 118 118 118 118 127 118 118 128 118 118 118 118 118 118 118 118 118 118 118 118 118 118 118 118 118 118 118 128 118 124 127 125 127 118 118 118 118 127 118 118 128 118 118 118 118 118 118 118 118 118 118 118 118 118 118 118 118 118 118 118 128 118 118 118 118 118 118 118 118 118 118 118 118 116 106 132 148 148 148 148 148 148 148 148 
148 148 148 148 148 148 148 148 130 119 117 118 124 127 127 118 118 118 118 118 127 118 118 110 112 112 112 112 112 112 112 112 112 112 112 112 112 112 112 112 112 112 112 111 118 118 127 125 125 118 118 118 118 127 118 118 110 112 112 112 112 112 112 112 112 112 112 112 112 112 112 112 112 112 112 112 111 118 118 118 118 118 118 118 118 118 118 118 118 116 119 132 148 148 148 148 148 148 148 148 
148 148 148 148 148 148 148 148 130 119 117 118 118 127 127 118 118 118 118 118 118 124 118 116 119 119 119 119 119 119 119 119 119 104 119 119 119 119 119 119 119 119 119 117 118 118 127 127 127 127 127 127 127 127 118 118 116 126 119 119 119 119 119 119 119 119 119 3 119 119 119 119 119 119 119 119 117 118 118 118 118 118 118 118 118 118 118 118 118 116 119 132 148 148 148 148 148 148 148 148 
148 148 148 148 148 148 148 148 130 126 117 127 118 118 118 125 118 118 118 125 118 118 118 116 119 140 147 147 147 147 147 147 147 147 147 147 147 147 147 147 147 141 122 117 118 118 118 118 118 118 124 118 124 118 118 118 116 119 140 147 147 147 147 147 147 147 147 147 147 147 147 147 147 147 141 104 117 118 118 118 118 118 118 118 118 118 118 118 118 116 126 132 148 148 148 148 148 148 148 148 
148 148 148 148 148 148 148 148 130 119 117 127 118 118 118 125 118 118 118 125 118 118 118 116 119 132 148 148 148 148 148 148 148 148 148 148 148 148 148 148 148 130 119 117 118 118 118 118 118 118 118 118 118 118 118 118 116 119 132 148 148 148 148 148 148 148 148 148 148 148 148 148 148 148 130 119 117 118 118 118 118 118 118 118 118 118 118 118 118 116 119 132 148 148 148 148 148 148 148 148 
148 148 148 148 148 148 148 148 130 101 109 112 112 112 112 112 112 112 112 112 112 112 112 108 106 132 148 148 148 148 148 148 148 148 148 148 148 148 148 148 148 130 119 109 112 112 112 112 112 112 112 112 112 112 112 112 108 103 132 148 148 148 148 148 148 148 148 148 148 148 148 148 148 148 130 119 109 112 112 112 112 112 112 112 112 112 112 112 112 108 3 132 148 148 148 148 148 148 148 148 
148 148 148 148 148 148 148 148 130 119 119 119 119 119 119 126 119 119 119 119 119 119 119 119 119 132 148 148 148 148 148 148 148 148 148 148 148 148 148 148 148 130 126 119 119 119 119 119 119 119 119 119 119 119 119 119 119 119 132 148 148 148 148 148 148 148 148 148 148 148 148 148 148 148 130 126 119 119 119 119 119 119 119 101 119 119 119 119 119 105 119 132 148 148 148 148 148 148 148 148 
148 148 148 148 148 148 148 148 145 147 147 147 147 147 147 147 147 147 147 147 147 147 147 147 147 131 148 148 148 148 148 148 148 148 148 148 148 148 148 148 148 145 147 147 147 147 147 147 147 147 147 147 147 147 147 147 147 147 131 148 148 148 148 148 148 148 148 148 148 148 148 148 148 148 145 147 147 147 147 147 147 147 147 147 147 147 147 147 147 147 147 131 148 148 148 148 148 148 148 148 
148 148 148 148 148 148 148 148 148 148 148 148 148 148 148 148 148 148 148 148 148 148 148 148 148 148 148 148 148 148 148 148 148 148 148 148 148 148 148 148 148 148 148 148 148 148 148 148 148 148 148 148 148 148 148 148 148 148 148 148 148 148 148 148 148 148 148 148 148 148 148 148 148 148 148 148 148 148 148 148 148 148 148 148 148 148 148 148 148 148 148 148 148 148 148 148 148 148 148 148 
148 148 148 148 148 148 148 148 148 148 148 148 148 148 148 148 148 148 148 148 148 148 148 148 148 148 148 148 148 148 148 148 148 148 148 148 148 148 148 148 148 148 148 148 148 148 148 148 148 148 148 148 148 148 148 148 148 148 148 148 148 148 148 148 148 148 148 148 148 148 148 148 148 148 148 148 148 148 148 148 148 148 148 148 148 148 148 148 148 148 148 148 148 148 148 148 148 148 148 148 
148 148 148 148 148 148 148 148 148 148 148 148 148 148 148 148 148 148 148 148 148 148 148 148 148 148 148 148 148 148 148 148 148 148 148 148 148 148 148 148 148 148 148 148 148 148 148 148 148 148 148 148 148 148 148 148 148 148 148 148 148 148 148 148 148 148 148 148 148 148 148 148 148 148 148 148 148 148 148 148 148 148 148 148 148 148 148 148 148 148 148 148 148 148 148 148 148 148 148 148 
148 148 148 148 148 148 148 148 148 148 148 148 148 148 148 148 148 148 148 148 148 148 148 148 148 148 148 148 148 148 148 148 148 148 148 148 148 148 148 148 148 148 148 148 148 148 148 148 148 148 148 148 148 148 148 148 148 148 148 148 148 148 148 148 148 148 148 148 148 148 148 148 148 148 148 148 148 148 148 148 148 148 148 148 148 148 148 148 148 148 148 148 148 148 148 148 148 148 148 148 
148 148 148 148 148 148 148 148 148 148 148 148 148 148 148 148 148 148 148 148 148 148 148 148 148 148 148 148 148 148 148 148 148 148 148 148 148 148 148 148 148 148 148 148 148 148 148 148 148 148 148 148 148 148 148 148 148 148 148 148 148 148 148 148 148 148 148 148 148 148 148 148 148 148 148 148 148 148 148 148 148 148 148 148 148 148 148 148 148 148 148 148 148 148 148 148 148 148 148 148 
148 148 148 148 148 148 148 148 148 148 148 148 148 148 148 148 148 148 148 148 148 148 148 148 148 148 148 148 148 148 148 148 148 148 148 148 148 148 148 148 148 148 148 148 148 148 148 148 148 148 148 148 148 148 148 148 148 148 148 148 148 148 148 148 148 148 148 148 148 148 148 148 148 148 148 148 148 148 148 148 148 148 148 148 148 148 148 148 148 148 148 148 148 148 148 148 148 148 148 148 
148 148 148 148 148 148 148 148 148 148 148 148 148 148 148 148 148 148 148 148 148 148 148 148 148 148 148 148 148 148 148 148 148 148 148 148 148 148 148 148 148 148 148 148 148 148 148 148 148 148 148 148 148 148 148 148 148 148 148 148 148 148 148 148 148 148 148 148 148 148 148 148 148 148 148 148 148 148 148 148 148 148 148 148 148 148 148 148 148 148 148 148 148 148 148 148 148 148 148 148 
148 148 148 148 148 148 148 148 148 148 148 148 148 148 148 148 148 148 148 148 148 148 148 148 148 148 148 148 148 148 148 148 148 148 148 148 148 148 148 148 148 148 148 148 148 148 148 148 148 148 148 148 148 148 148 148 148 148 148 148 148 148 148 148 148 148 148 148 148 148 148 148 148 148 148 148 148 148 148 148 148 148 148 148 148 148 148 148 148 148 148 148 148 148 148 148 148 148 148 148